Emssion Probabilities:
State,a,b,c,d,e,f,g,h,i,j,k,l,m,n,o,p,q,r,s,t,u,v,w,x,y,z,_,sum
a,0.7946311434049854,0.00010091835704914725,0.00010091835704914725,0.00010091835704914725,0.00010091835704914725,0.00010091835704914725,0.00010091835704914725,0.00010091835704914725,0.00010091835704914725,0.00010091835704914725,0.00010091835704914725,0.00010091835704914725,0.00010091835704914725,0.00010091835704914725,0.00010091835704914725,0.00010091835704914725,0.06822080936522354,0.00010091835704914725,0.06882631950751841,0.00010091835704914725,0.00010091835704914725,0.00010091835704914725,0.00010091835704914725,0.00010091835704914725,0.00010091835704914725,0.065798768796044,0.00010091835704914725,0.9997981632859023
b,0.0005060728744939271,0.7980769230769231,0.0005060728744939271,0.0005060728744939271,0.0005060728744939271,0.0005060728744939271,0.046052631578947366,0.043522267206477734,0.0005060728744939271,0.0005060728744939271,0.0005060728744939271,0.0005060728744939271,0.0005060728744939271,0.05313765182186235,0.0005060728744939271,0.0005060728744939271,0.0005060728744939271,0.0005060728744939271,0.0005060728744939271,0.0005060728744939271,0.0005060728744939271,0.04706477732793522,0.0005060728744939271,0.0005060728744939271,0.0005060728744939271,0.0005060728744939271,0.0005060728744939271,0.9989878542510114
c,0.00022026431718061675,0.00022026431718061675,0.7931718061674009,0.044933920704845816,0.00022026431718061675,0.05286343612334802,0.00022026431718061675,0.00022026431718061675,0.00022026431718061675,0.00022026431718061675,0.00022026431718061675,0.00022026431718061675,0.00022026431718061675,0.00022026431718061675,0.00022026431718061675,0.00022026431718061675,0.00022026431718061675,0.00022026431718061675,0.00022026431718061675,0.00022026431718061675,0.00022026431718061675,0.053744493392070485,0.00022026431718061675,0.05,0.00022026431718061675,0.00022026431718061675,0.00022026431718061675,0.9995594713656382
d,0.0002328830926874709,0.0002328830926874709,0.040987424312994875,0.8006520726595249,0.04052165812761994,0.03376804843968328,0.0002328830926874709,0.0002328830926874709,0.0002328830926874709,0.0002328830926874709,0.0002328830926874709,0.0002328830926874709,0.0002328830926874709,0.0002328830926874709,0.0002328830926874709,0.0002328830926874709,0.0002328830926874709,0.0002328830926874709,0.04052165812761994,0.0002328830926874709,0.0002328830926874709,0.0002328830926874709,0.0002328830926874709,0.038192827200745225,0.0002328830926874709,0.0002328830926874709,0.0002328830926874709,0.9995342338146244
e,5.907372400756144e-05,5.907372400756144e-05,5.907372400756144e-05,0.0663397920604915,0.8005671077504726,5.907372400756144e-05,5.907372400756144e-05,5.907372400756144e-05,5.907372400756144e-05,5.907372400756144e-05,5.907372400756144e-05,5.907372400756144e-05,5.907372400756144e-05,5.907372400756144e-05,5.907372400756144e-05,5.907372400756144e-05,5.907372400756144e-05,0.0648038752362949,5.907372400756144e-05,5.907372400756144e-05,5.907372400756144e-05,5.907372400756144e-05,0.06681238185255199,5.907372400756144e-05,5.907372400756144e-05,5.907372400756144e-05,5.907372400756144e-05,0.9998818525519856
f,0.0003191828917969997,0.0003191828917969997,0.033514203638684965,0.03096074050430897,0.0003191828917969997,0.8021066070858602,0.03606766677306096,0.0003191828917969997,0.0003191828917969997,0.0003191828917969997,0.0003191828917969997,0.0003191828917969997,0.0003191828917969997,0.0003191828917969997,0.0003191828917969997,0.0003191828917969997,0.0003191828917969997,0.029045643153526972,0.0003191828917969997,0.03255665496329397,0.0003191828917969997,0.02872646026172997,0.0003191828917969997,0.0003191828917969997,0.0003191828917969997,0.0003191828917969997,0.0003191828917969997,0.999361634216406
g,0.0003878975950349108,0.04189294026377036,0.0003878975950349108,0.0003878975950349108,0.0003878975950349108,0.041505042668735455,0.799844840961986,0.03064391000775795,0.0003878975950349108,0.0003878975950349108,0.0003878975950349108,0.0003878975950349108,0.0003878975950349108,0.0003878975950349108,0.0003878975950349108,0.0003878975950349108,0.0003878975950349108,0.0003878975950349108,0.0003878975950349108,0.041117145073700546,0.0003878975950349108,0.0360744763382467,0.0003878975950349108,0.0003878975950349108,0.0003878975950349108,0.0003878975950349108,0.0003878975950349108,0.9992242048099296
h,0.00015885623510722796,0.043685464654487687,0.00015885623510722796,0.00015885623510722796,0.00015885623510722796,0.00015885623510722796,0.039872915011914215,0.7907863383637808,0.00015885623510722796,0.03891977760127085,0.00015885623510722796,0.00015885623510722796,0.00015885623510722796,0.04511517077045274,0.00015885623510722796,0.00015885623510722796,0.00015885623510722796,0.00015885623510722796,0.00015885623510722796,0.00015885623510722796,0.00015885623510722796,0.00015885623510722796,0.00015885623510722796,0.00015885623510722796,0.03796664019062748,0.00015885623510722796,0.00015885623510722796,0.9996822875297858
i,9.778994719342852e-05,9.778994719342852e-05,9.778994719342852e-05,9.778994719342852e-05,9.778994719342852e-05,9.778994719342852e-05,9.778994719342852e-05,9.778994719342852e-05,0.7994328183062781,0.048014864071973404,0.05133972227654997,9.778994719342852e-05,9.778994719342852e-05,9.778994719342852e-05,0.05261099159006454,9.778994719342852e-05,9.778994719342852e-05,9.778994719342852e-05,9.778994719342852e-05,9.778994719342852e-05,0.046254645022491686,9.778994719342852e-05,9.778994719342852e-05,9.778994719342852e-05,9.778994719342852e-05,9.778994719342852e-05,9.778994719342852e-05,0.9998044201056133
j,0.0078125,0.0078125,0.0078125,0.0078125,0.0078125,0.0078125,0.0078125,0.0234375,0.0078125,0.6171875,0.0390625,0.0078125,0.0234375,0.03125,0.0078125,0.0078125,0.0078125,0.0078125,0.0078125,0.0078125,0.0859375,0.0078125,0.0078125,0.0078125,0.0078125,0.0078125,0.0078125,0.984375
k,0.0017006802721088435,0.0017006802721088435,0.0017006802721088435,0.0017006802721088435,0.0017006802721088435,0.0017006802721088435,0.0017006802721088435,0.0017006802721088435,0.03741496598639456,0.04081632653061224,0.7993197278911565,0.034013605442176874,0.047619047619047616,0.0017006802721088435,0.0017006802721088435,0.0017006802721088435,0.0017006802721088435,0.0017006802721088435,0.0017006802721088435,0.0017006802721088435,0.0017006802721088435,0.0017006802721088435,0.0017006802721088435,0.0017006802721088435,0.0017006802721088435,0.0017006802721088435,0.0017006802721088435,0.9965986394557815
l,0.0001668613382279326,0.0001668613382279326,0.0001668613382279326,0.0001668613382279326,0.0001668613382279326,0.0001668613382279326,0.0001668613382279326,0.0001668613382279326,0.0001668613382279326,0.0001668613382279326,0.06591022860003337,0.8012681461705323,0.0001668613382279326,0.0001668613382279326,0.06574336726180544,0.06290672451193059,0.0001668613382279326,0.0001668613382279326,0.0001668613382279326,0.0001668613382279326,0.0001668613382279326,0.0001668613382279326,0.0001668613382279326,0.0001668613382279326,0.0001668613382279326,0.0001668613382279326,0.0001668613382279326,0.9996662773235445
m,0.0002799552071668533,0.0002799552071668533,0.0002799552071668533,0.0002799552071668533,0.0002799552071668533,0.0002799552071668533,0.0002799552071668533,0.0002799552071668533,0.0002799552071668533,0.06522956326987682,0.06634938409854424,0.0002799552071668533,0.799552071668533,0.06187010078387458,0.0002799552071668533,0.0002799552071668533,0.0002799552071668533,0.0002799552071668533,0.0002799552071668533,0.0002799552071668533,0.0002799552071668533,0.0002799552071668533,0.0002799552071668533,0.0002799552071668533,0.0002799552071668533,0.0002799552071668533,0.0002799552071668533,0.9994400895856661
n,0.00010888501742160279,0.05215592334494774,0.00010888501742160279,0.00010888501742160279,0.00010888501742160279,0.00010888501742160279,0.00010888501742160279,0.05248257839721254,0.00010888501742160279,0.05041376306620209,0.00010888501742160279,0.00010888501742160279,0.048344947735191636,0.7939895470383276,0.00010888501742160279,0.00010888501742160279,0.00010888501742160279,0.00010888501742160279,0.00010888501742160279,0.00010888501742160279,0.00010888501742160279,0.00010888501742160279,0.00010888501742160279,0.00010888501742160279,0.00010888501742160279,0.00010888501742160279,0.00010888501742160279,0.9997822299651564
o,8.901548869503294e-05,8.901548869503294e-05,8.901548869503294e-05,8.901548869503294e-05,8.901548869503294e-05,8.901548869503294e-05,8.901548869503294e-05,8.901548869503294e-05,0.04833541036140288,8.901548869503294e-05,0.052430122841374396,0.051717998931814134,8.901548869503294e-05,8.901548869503294e-05,0.7934840662275235,0.0518960299092042,8.901548869503294e-05,8.901548869503294e-05,8.901548869503294e-05,8.901548869503294e-05,8.901548869503294e-05,8.901548869503294e-05,8.901548869503294e-05,8.901548869503294e-05,8.901548869503294e-05,8.901548869503294e-05,8.901548869503294e-05,0.9998219690226094
p,0.0003255208333333333,0.0003255208333333333,0.0003255208333333333,0.0003255208333333333,0.0003255208333333333,0.0003255208333333333,0.0003255208333333333,0.0003255208333333333,0.0003255208333333333,0.0003255208333333333,0.0003255208333333333,0.1005859375,0.0003255208333333333,0.0003255208333333333,0.0986328125,0.7923177083333334,0.0003255208333333333,0.0003255208333333333,0.0003255208333333333,0.0003255208333333333,0.0003255208333333333,0.0003255208333333333,0.0003255208333333333,0.0003255208333333333,0.0003255208333333333,0.0003255208333333333,0.0003255208333333333,0.9993489583333338
q,0.08139534883720931,0.005813953488372093,0.005813953488372093,0.005813953488372093,0.005813953488372093,0.005813953488372093,0.005813953488372093,0.005813953488372093,0.005813953488372093,0.005813953488372093,0.005813953488372093,0.005813953488372093,0.005813953488372093,0.005813953488372093,0.005813953488372093,0.005813953488372093,0.6686046511627907,0.005813953488372093,0.005813953488372093,0.005813953488372093,0.005813953488372093,0.005813953488372093,0.09883720930232558,0.005813953488372093,0.005813953488372093,0.005813953488372093,0.005813953488372093,0.9883720930232559
r,0.0001288825879623663,0.0001288825879623663,0.0001288825879623663,0.052455213300683076,0.050135326717360484,0.04910426601366155,0.0001288825879623663,0.0001288825879623663,0.0001288825879623663,0.0001288825879623663,0.0001288825879623663,0.0001288825879623663,0.0001288825879623663,0.0001288825879623663,0.0001288825879623663,0.0001288825879623663,0.0001288825879623663,0.7908235597370795,0.0001288825879623663,0.05438845212011857,0.0001288825879623663,0.0001288825879623663,0.0001288825879623663,0.0001288825879623663,0.0001288825879623663,0.0001288825879623663,0.0001288825879623663,0.9997422348240755
s,0.04263267772772223,0.0001098780353807274,0.0001098780353807274,0.040215360949346225,0.0001098780353807274,0.0001098780353807274,0.0001098780353807274,0.0001098780353807274,0.0001098780353807274,0.0001098780353807274,0.0001098780353807274,0.0001098780353807274,0.0001098780353807274,0.0001098780353807274,0.0001098780353807274,0.0001098780353807274,0.0001098780353807274,0.0001098780353807274,0.7959564882979893,0.0001098780353807274,0.0001098780353807274,0.0001098780353807274,0.03845731238325459,0.04230304362158004,0.0001098780353807274,0.037907922206350954,0.0001098780353807274,0.9997802439292388
t,7.714858818083629e-05,7.714858818083629e-05,7.714858818083629e-05,7.714858818083629e-05,7.714858818083629e-05,0.049606542200277735,0.0495293936120969,7.714858818083629e-05,7.714858818083629e-05,7.714858818083629e-05,7.714858818083629e-05,7.714858818083629e-05,7.714858818083629e-05,7.714858818083629e-05,7.714858818083629e-05,7.714858818083629e-05,7.714858818083629e-05,0.050995216787532785,7.714858818083629e-05,0.8008023453170807,7.714858818083629e-05,7.714858818083629e-05,7.714858818083629e-05,7.714858818083629e-05,0.04721493596667181,7.714858818083629e-05,7.714858818083629e-05,0.9998457028236385
u,0.0002672367717797969,0.0002672367717797969,0.0002672367717797969,0.0002672367717797969,0.0002672367717797969,0.0002672367717797969,0.0002672367717797969,0.05050774986638162,0.0518439337252806,0.04409406734366649,0.0002672367717797969,0.0002672367717797969,0.0002672367717797969,0.0002672367717797969,0.0002672367717797969,0.0002672367717797969,0.0002672367717797969,0.0002672367717797969,0.0002672367717797969,0.0002672367717797969,0.7998396579369321,0.0002672367717797969,0.0002672367717797969,0.0002672367717797969,0.047300908605024054,0.0002672367717797969,0.0002672367717797969,0.9994655264564403
v,0.0005491488193300384,0.04173531026908292,0.04557935200439319,0.0005491488193300384,0.0005491488193300384,0.05326743547501373,0.05985722130697419,0.0005491488193300384,0.0005491488193300384,0.0005491488193300384,0.0005491488193300384,0.0005491488193300384,0.0005491488193300384,0.0005491488193300384,0.0005491488193300384,0.0005491488193300384,0.0005491488193300384,0.0005491488193300384,0.0005491488193300384,0.0005491488193300384,0.0005491488193300384,0.786381109280615,0.0005491488193300384,0.0005491488193300384,0.0005491488193300384,0.0005491488193300384,0.0005491488193300384,0.9989017023613398
w,0.04599336178283547,0.000474158368895211,0.000474158368895211,0.000474158368895211,0.04362256993835941,0.000474158368895211,0.000474158368895211,0.000474158368895211,0.000474158368895211,0.000474158368895211,0.000474158368895211,0.000474158368895211,0.000474158368895211,0.000474158368895211,0.000474158368895211,0.000474158368895211,0.051209103840682786,0.000474158368895211,0.05215742057847321,0.000474158368895211,0.000474158368895211,0.000474158368895211,0.7956377430061641,0.000474158368895211,0.000474158368895211,0.000474158368895211,0.000474158368895211,0.9990516832622095
x,0.0034602076124567475,0.0034602076124567475,0.03806228373702422,0.06228373702422145,0.0034602076124567475,0.0034602076124567475,0.0034602076124567475,0.0034602076124567475,0.0034602076124567475,0.0034602076124567475,0.0034602076124567475,0.0034602076124567475,0.0034602076124567475,0.0034602076124567475,0.0034602076124567475,0.0034602076124567475,0.0034602076124567475,0.0034602076124567475,0.058823529411764705,0.0034602076124567475,0.0034602076124567475,0.0034602076124567475,0.0034602076124567475,0.71280276816609,0.0034602076124567475,0.04498269896193772,0.0034602076124567475,0.9930795847750866
y,0.00035714285714285714,0.00035714285714285714,0.00035714285714285714,0.00035714285714285714,0.00035714285714285714,0.00035714285714285714,0.05071428571428571,0.05071428571428571,0.00035714285714285714,0.00035714285714285714,0.00035714285714285714,0.00035714285714285714,0.00035714285714285714,0.00035714285714285714,0.00035714285714285714,0.00035714285714285714,0.00035714285714285714,0.00035714285714285714,0.00035714285714285714,0.0475,0.04214285714285714,0.00035714285714285714,0.00035714285714285714,0.00035714285714285714,0.8003571428571429,0.00035714285714285714,0.00035714285714285714,0.9992857142857143
z,0.0410958904109589,0.00684931506849315,0.00684931506849315,0.00684931506849315,0.00684931506849315,0.00684931506849315,0.00684931506849315,0.00684931506849315,0.00684931506849315,0.00684931506849315,0.00684931506849315,0.00684931506849315,0.00684931506849315,0.00684931506849315,0.00684931506849315,0.00684931506849315,0.00684931506849315,0.00684931506849315,0.0821917808219178,0.00684931506849315,0.00684931506849315,0.00684931506849315,0.00684931506849315,0.06164383561643835,0.00684931506849315,0.6438356164383562,0.00684931506849315,0.9863013698630139
_,3.674714290963877e-05,3.674714290963877e-05,3.674714290963877e-05,3.674714290963877e-05,3.674714290963877e-05,3.674714290963877e-05,3.674714290963877e-05,3.674714290963877e-05,3.674714290963877e-05,3.674714290963877e-05,3.674714290963877e-05,3.674714290963877e-05,3.674714290963877e-05,3.674714290963877e-05,3.674714290963877e-05,3.674714290963877e-05,3.674714290963877e-05,3.674714290963877e-05,3.674714290963877e-05,3.674714290963877e-05,3.674714290963877e-05,3.674714290963877e-05,3.674714290963877e-05,3.674714290963877e-05,3.674714290963877e-05,3.674714290963877e-05,0.9989343328556205,0.9998897585712712


Transition Probabilities:
State,a,b,c,d,e,f,g,h,i,j,k,l,m,n,o,p,q,r,s,t,u,v,w,x,y,z,_,sum
a,0.00010091835704914725,0.022504793621959833,0.03905540417801998,0.028358058330810374,0.0002018367140982945,0.004238570996064184,0.02018367140982945,0.0005045917852457363,0.0273488747603189,0.0023211222121303867,0.019275406196387124,0.13583610858815218,0.01937632455343627,0.19426783731960845,0.000403673428196589,0.018165304268846504,0.0003027550711474417,0.09012009284488849,0.06468866686850339,0.16671712584519124,0.01614693712786356,0.03310122111212029,0.0028257139973761228,0.0005045917852457363,0.024926834191139367,0.0007064284993440307,0.06761529922292865,0.9997981632859018
b,0.03795546558704453,0.0025303643724696357,0.0010121457489878543,0.0005060728744939271,0.4073886639676113,0.0010121457489878543,0.0005060728744939271,0.0005060728744939271,0.03694331983805668,0.008097165991902834,0.0005060728744939271,0.145748987854251,0.0010121457489878543,0.0020242914979757085,0.06174089068825911,0.0005060728744939271,0.0005060728744939271,0.035931174089068825,0.008097165991902834,0.00860323886639676,0.12651821862348178,0.004048582995951417,0.0005060728744939271,0.0005060728744939271,0.09615384615384616,0.0005060728744939271,0.009615384615384616,0.998987854251012
c,0.15991189427312774,0.00022026431718061675,0.015418502202643172,0.00022026431718061675,0.14185022026431718,0.00022026431718061675,0.00022026431718061675,0.16277533039647576,0.136784140969163,0.00022026431718061675,0.01145374449339207,0.020704845814977973,0.00022026431718061675,0.00022026431718061675,0.1458149779735683,0.00022026431718061675,0.0026431718061674008,0.034140969162995596,0.0028634361233480176,0.09493392070484581,0.02841409691629956,0.00022026431718061675,0.00022026431718061675,0.00022026431718061675,0.005066079295154185,0.00022026431718061675,0.034140969162995596,0.9995594713656387
d,0.021891010712622262,0.0002328830926874709,0.0006986492780624127,0.004424778761061947,0.17559385188635304,0.0004657661853749418,0.0018630647414997672,0.0004657661853749418,0.09897531439217513,0.0018630647414997672,0.0002328830926874709,0.004657661853749418,0.0006986492780624127,0.0027945971122496508,0.0752212389380531,0.0004657661853749418,0.0002328830926874709,0.019562179785747556,0.03400093153237075,0.0002328830926874709,0.0568234746157429,0.013972985561248253,0.0013972985561248254,0.0002328830926874709,0.009315323707498836,0.0002328830926874709,0.47298556124825336,0.9995342338146251
e,0.035562381852551984,0.0010633270321361058,0.0451913988657845,0.05747873345935728,0.026878544423440454,0.017840264650283554,0.005612003780718336,0.0038988657844990547,0.014354914933837429,5.907372400756144e-05,0.0007088846880907373,0.029241493383742913,0.03680293005671077,0.08760633270321361,0.01476843100189036,0.009156427221172023,0.0038988657844990547,0.10461956521739131,0.0873109640831758,0.032431474480151226,0.0005907372400756144,0.024102079395085067,0.004371455576559546,0.014177693761814745,0.012641776937618147,5.907372400756144e-05,0.32945415879017015,0.9998818525519849
f,0.043089690392594956,0.0003191828917969997,0.001915097350781998,0.0003191828917969997,0.06383657835939993,0.06224066390041494,0.0006383657835939994,0.0003191828917969997,0.08554101500159592,0.0003191828917969997,0.0003191828917969997,0.012767315671879987,0.0003191828917969997,0.0003191828917969997,0.17906160229811682,0.0003191828917969997,0.0003191828917969997,0.07149696776252792,0.0015959144589849984,0.04947334822853495,0.038301947015639964,0.0003191828917969997,0.0003191828917969997,0.0003191828917969997,0.014363230130864985,0.0003191828917969997,0.37089052026811364,0.9993616342164059
g,0.07796741660201707,0.0003878975950349108,0.0003878975950349108,0.0003878975950349108,0.1474010861132661,0.0003878975950349108,0.011249030256012413,0.07990690457719161,0.09813809154383243,0.0003878975950349108,0.0003878975950349108,0.012800620636152055,0.0031031807602792862,0.015515903801396431,0.07486423584173778,0.0003878975950349108,0.0003878975950349108,0.08805275407292475,0.02482544608223429,0.0015515903801396431,0.026377036462373934,0.0003878975950349108,0.0003878975950349108,0.0003878975950349108,0.062063615205585725,0.0003878975950349108,0.2707525213343677,0.9992242048099298
h,0.19920571882446386,0.0014297061159650516,0.00015885623510722796,0.00015885623510722796,0.421604447974583,0.00015885623510722796,0.00015885623510722796,0.0003177124702144559,0.09356632247815727,0.00015885623510722796,0.00015885623510722796,0.0027005559968228754,0.0006354249404289118,0.039872915011914215,0.07243844320889595,0.00015885623510722796,0.00015885623510722796,0.015885623510722795,0.003177124702144559,0.012231930103256553,0.03367752184273233,0.00015885623510722796,0.0004765687053216839,0.00015885623510722796,0.008419380460683083,0.00015885623510722796,0.09229547259729945,0.9996822875297857
i,0.03481322120086055,0.007627615881087424,0.07764521807158224,0.03031488362996284,0.06561705456679054,0.02699002542538627,0.015646391550948564,0.0002933698415802855,9.778994719342852e-05,9.778994719342852e-05,0.004693917465284568,0.04762370428319969,0.03168394289067084,0.2228632896538236,0.0830236651672208,0.005085077254058283,0.003031488362996284,0.033346371992959124,0.13094073929200079,0.12047721494230393,0.00019557989438685703,0.04488558576178369,9.778994719342852e-05,0.0002933698415802855,9.778994719342852e-05,0.010756894191277136,0.0015646391550948563,0.9998044201056131
j,0.046875,0.0078125,0.0078125,0.0078125,0.1328125,0.0078125,0.0078125,0.0078125,0.0078125,0.0078125,0.0078125,0.0078125,0.0078125,0.0078125,0.296875,0.0078125,0.0078125,0.0078125,0.0078125,0.0078125,0.328125,0.0078125,0.0078125,0.0078125,0.0078125,0.0078125,0.0078125,0.984375
k,0.00510204081632653,0.0017006802721088435,0.0017006802721088435,0.030612244897959183,0.358843537414966,0.0017006802721088435,0.0017006802721088435,0.0017006802721088435,0.1836734693877551,0.0017006802721088435,0.0017006802721088435,0.01020408163265306,0.0017006802721088435,0.04931972789115646,0.006802721088435374,0.0017006802721088435,0.0017006802721088435,0.0017006802721088435,0.04931972789115646,0.0017006802721088435,0.003401360544217687,0.0017006802721088435,0.0017006802721088435,0.0017006802721088435,0.003401360544217687,0.0017006802721088435,0.2687074829931973,0.9965986394557818
l,0.05422993492407809,0.0001668613382279326,0.0010011680293675956,0.05639913232104121,0.17136659436008678,0.012681461705322876,0.0001668613382279326,0.0001668613382279326,0.08943767729017187,0.0001668613382279326,0.0021691973969631237,0.11229768062739863,0.005339562823293843,0.0003337226764558652,0.08726847989320874,0.0021691973969631237,0.0001668613382279326,0.0033372267645586516,0.02586350742532955,0.01735357917570499,0.026697814116469213,0.012347739028867011,0.002002336058735191,0.0001668613382279326,0.09811446687802436,0.0001668613382279326,0.2180877690639079,0.9996662773235441
m,0.21192609182530794,0.010638297872340425,0.0002799552071668533,0.0002799552071668533,0.18980963045912655,0.0005599104143337066,0.0002799552071668533,0.0002799552071668533,0.07306830907054872,0.0002799552071668533,0.0005599104143337066,0.0008398656215005599,0.018477043673012318,0.0013997760358342665,0.1396976483762598,0.08062709966405375,0.0002799552071668533,0.0002799552071668533,0.040313549832026875,0.0002799552071668533,0.032754759238521836,0.0005599104143337066,0.0002799552071668533,0.0002799552071668533,0.010918253079507279,0.0002799552071668533,0.18421052631578946,0.9994400895856664
n,0.034625435540069686,0.00010888501742160279,0.042465156794425085,0.12402003484320558,0.09048344947735192,0.006968641114982578,0.09973867595818815,0.0013066202090592336,0.03756533101045296,0.00021777003484320557,0.0038109756097560975,0.014155052264808362,0.007730836236933798,0.006533101045296167,0.07741724738675958,0.0005444250871080139,0.00043554006968641115,0.0003266550522648084,0.05008710801393728,0.11628919860627178,0.0046820557491289196,0.008057491289198606,0.0007621951219512195,0.0006533101045296168,0.0195993031358885,0.00010888501742160279,0.25097996515679444,0.9996733449477351
o,0.007922378493857931,0.013708385259035073,0.039522876980594625,0.020206515933772477,0.005251913833006943,0.09177496884457896,0.03355883923802742,0.0009791703756453624,0.00845647142602813,8.901548869503294e-05,0.0020473562399857576,0.06115364073348763,0.05447747908136016,0.1604949261171444,0.012195121951219513,0.03382588570411252,8.901548869503294e-05,0.13094178387039346,0.029998219690226098,0.041303186754495284,0.07290368524123197,0.016823927363361225,0.03854370660494926,0.0004450774434751647,0.0032935730817162186,0.0002670464660850988,0.11954780131742923,0.9998219690226099
p,0.07421875,0.0003255208333333333,0.0003255208333333333,0.0003255208333333333,0.17578125,0.0006510416666666666,0.0003255208333333333,0.03515625,0.0224609375,0.0003255208333333333,0.0003255208333333333,0.13118489583333334,0.006184895833333333,0.0003255208333333333,0.1689453125,0.048828125,0.0003255208333333333,0.1845703125,0.029296875,0.0302734375,0.051432291666666664,0.0003255208333333333,0.0003255208333333333,0.0003255208333333333,0.004557291666666667,0.0003255208333333333,0.031901041666666664,0.9993489583333334
q,0.005813953488372093,0.005813953488372093,0.005813953488372093,0.005813953488372093,0.005813953488372093,0.005813953488372093,0.005813953488372093,0.005813953488372093,0.005813953488372093,0.005813953488372093,0.005813953488372093,0.005813953488372093,0.005813953488372093,0.005813953488372093,0.005813953488372093,0.005813953488372093,0.005813953488372093,0.005813953488372093,0.005813953488372093,0.005813953488372093,0.8255813953488372,0.005813953488372093,0.005813953488372093,0.005813953488372093,0.005813953488372093,0.005813953488372093,0.01744186046511628,0.9883720930232559
r,0.07848949606908107,0.0016754736435107616,0.01005284186106457,0.014821497615672122,0.25080551617476476,0.0038664776388709883,0.019332388194354944,0.0007732955277741977,0.08880010310607037,0.0001288825879623663,0.0114705503286506,0.010181724449026937,0.018816857842505478,0.019461270782317307,0.10851913906431242,0.00451089057868282,0.0001288825879623663,0.01391931949993556,0.03466941616187653,0.044851140610903464,0.01868797525454311,0.008892898569403274,0.0020621214073978608,0.0001288825879623663,0.02500322206469906,0.0001288825879623663,0.20956308802680756,0.9997422348240752
s,0.02120646082848039,0.00032963410614218216,0.01593231513020547,0.0001098780353807274,0.11163608394681904,0.007911218547412372,0.0002197560707614548,0.015273046917921107,0.0573563344687397,0.0001098780353807274,0.0031864630260410942,0.0035160971321832766,0.014503900670256016,0.0024173167783760026,0.07658499066036699,0.012855730139545106,0.0001098780353807274,0.00252719481375673,0.05779584661026261,0.13229315459839577,0.04439072629381387,0.0001098780353807274,0.0006592682122843643,0.0001098780353807274,0.030436215800461488,0.0001098780353807274,0.38808922096472914,0.9997802439292387
t,0.035256904798642186,0.00015429717636167257,0.002468754821786761,0.00015429717636167257,0.10276191945687393,0.000540040117265854,0.00015429717636167257,0.28228668415367997,0.12374633544206141,7.714858818083629e-05,7.714858818083629e-05,0.007174818700817775,0.0007714858818083629,0.0006171887054466903,0.09126677981792933,0.00015429717636167257,7.714858818083629e-05,0.0382656997376948,0.029625057861441137,0.012112328344391297,0.01704983798796482,0.00015429717636167257,0.003008794939052615,7.714858818083629e-05,0.03132232680141953,7.714858818083629e-05,0.22041351643264928,0.9998457028236382
u,0.04088722608230892,0.014965259219668627,0.053180117584179586,0.014965259219668627,0.04195617316942812,0.01042223409941208,0.043025120256547304,0.0002672367717797969,0.03153393907001603,0.0002672367717797969,0.0002672367717797969,0.11785141635489044,0.05451630144307857,0.07616247995724211,0.0013361838588989846,0.03661143773383217,0.0002672367717797969,0.12586851950828434,0.17022982362373063,0.15179048637092463,0.0002672367717797969,0.0002672367717797969,0.0002672367717797969,0.0010689470871191875,0.0008017103153393907,0.0002672367717797969,0.010154997327632281,0.9994655264564402
v,0.0785282811641955,0.0005491488193300384,0.0005491488193300384,0.0005491488193300384,0.600768808347062,0.0005491488193300384,0.0005491488193300384,0.0005491488193300384,0.22075782537067545,0.0005491488193300384,0.0005491488193300384,0.0005491488193300384,0.0005491488193300384,0.0005491488193300384,0.08182317408017573,0.0005491488193300384,0.0005491488193300384,0.0005491488193300384,0.0027457440966501922,0.0005491488193300384,0.001098297638660077,0.0005491488193300384,0.0005491488193300384,0.0005491488193300384,0.0016474464579901153,0.0005491488193300384,0.001098297638660077,0.9989017023613391
w,0.09577999051683263,0.000474158368895211,0.000474158368895211,0.005215742057847321,0.22759601706970128,0.000474158368895211,0.000474158368895211,0.16880037932669512,0.2233285917496444,0.000474158368895211,0.000474158368895211,0.001896633475580844,0.000474158368895211,0.044570886676149835,0.1379800853485064,0.000474158368895211,0.000474158368895211,0.005215742057847321,0.007112375533428165,0.003793266951161688,0.000474158368895211,0.000474158368895211,0.000474158368895211,0.000474158368895211,0.000474158368895211,0.000474158368895211,0.07064959696538643,0.9990516832622094
x,0.17993079584775087,0.0034602076124567475,0.0657439446366782,0.0034602076124567475,0.08996539792387544,0.0034602076124567475,0.0034602076124567475,0.010380622837370242,0.11072664359861592,0.0034602076124567475,0.0034602076124567475,0.0034602076124567475,0.0034602076124567475,0.0034602076124567475,0.0034602076124567475,0.16608996539792387,0.0034602076124567475,0.0034602076124567475,0.0034602076124567475,0.18339100346020762,0.02768166089965398,0.0034602076124567475,0.0034602076124567475,0.0034602076124567475,0.0034602076124567475,0.0034602076124567475,0.09688581314878893,0.993079584775087
y,0.003928571428571429,0.004642857142857143,0.020714285714285713,0.00035714285714285714,0.017857142857142856,0.00035714285714285714,0.0007142857142857143,0.00035714285714285714,0.008571428571428572,0.00035714285714285714,0.00035714285714285714,0.0035714285714285713,0.005357142857142857,0.0010714285714285715,0.02892857142857143,0.0125,0.00035714285714285714,0.00035714285714285714,0.0975,0.004642857142857143,0.00035714285714285714,0.00035714285714285714,0.0014285714285714286,0.00035714285714285714,0.00035714285714285714,0.00035714285714285714,0.7835714285714286,0.9992857142857143
z,0.3698630136986301,0.00684931506849315,0.00684931506849315,0.00684931506849315,0.3835616438356164,0.00684931506849315,0.00684931506849315,0.00684931506849315,0.0547945205479452,0.00684931506849315,0.00684931506849315,0.00684931506849315,0.00684931506849315,0.00684931506849315,0.0136986301369863,0.00684931506849315,0.00684931506849315,0.00684931506849315,0.00684931506849315,0.00684931506849315,0.00684931506849315,0.00684931506849315,0.00684931506849315,0.00684931506849315,0.0136986301369863,0.00684931506849315,0.00684931506849315,0.9863013698630143
_,0.10517032300738617,0.04953514864219307,0.04152427148789182,0.028993495755704993,0.030867600044096572,0.03593870576562672,0.016866938595524197,0.03546099290780142,0.08062323154374747,0.0020210928600301326,0.002792782861132547,0.022232021460331458,0.04034836291478337,0.02638444860912064,0.07823466725462096,0.053650828648072614,0.0012126557160180797,0.02620071289457245,0.07529489582184985,0.174769411678242,0.01021570572887958,0.0048138757211626795,0.05379781721971117,0.0001469885716385551,0.0027560357182229082,3.674714290963877e-05,3.674714290963877e-05,0.9999265057141806
